#Seq[1]
pos	base	current	sd	dwell
0	A	0.034770	0.277469	0.607516
1	A	-0.049381	0.228688	1.279526
2	A	-0.210881	0.139180	4.298515
3	A	-0.224420	0.089945	7.111730
4	A	-0.170092	0.084018	6.675942
5	A	-0.171539	0.085619	7.808307
6	A	-0.124301	0.087319	8.670979
7	A	-0.131841	0.089850	7.585172
8	A	-0.188108	0.081551	10.987131
9	A	-0.099356	0.091473	7.440400
10	A	-0.079790	0.084731	9.384796
11	A	-0.289988	0.104551	7.910808
12	A	-0.779421	0.112345	10.230739
13	A	-0.084881	0.108074	7.100638
14	C	0.703879	0.144666	7.363940
15	G	-0.914999	0.153429	6.765696
16	A	-0.409204	0.120184	8.561339
17	C	0.445798	0.142530	8.257000
18	G	-1.103066	0.151002	8.409809
19	T	1.038345	0.220752	8.703636
20	G	-0.686662	0.137666	8.149840
21	T	0.597591	0.170920	8.315297
22	A	-0.088315	0.089944	8.016459
23	C	0.397182	0.103100	8.659468
24	G	-0.070159	0.090165	7.387248
25	C	1.052829	0.130443	7.866071
26	A	0.071161	0.115469	7.788552
27	A	-0.262080	0.086065	8.175091
28	A	-0.339553	0.088692	7.791050
29	A	-0.239895	0.086322	7.817942
30	A	-0.184037	0.089827	7.285061
31	A	-0.185182	0.093370	7.432478
32	A	-0.145046	0.095510	7.223550
33	A	-0.134294	0.097460	7.197851
34	A	-0.139524	0.100599	7.381918
35	A	-0.142161	0.104966	7.560961
36	A	-0.122736	0.126997	10.753907
37	A	-0.242526	0.166308	13.212444
38	A	-0.580685	0.278421	14.025214
39	A	0.291039	0.604165	12.093976
#Seq[2]
pos	base	current	sd	dwell
0	A	0.031198	0.277136	0.600624
1	A	-0.052845	0.228018	1.274665
2	A	-0.214760	0.138729	4.313540
3	A	-0.224938	0.089802	7.081276
4	A	-0.176802	0.084798	6.390872
5	A	-0.178817	0.086475	6.914117
6	A	-0.138670	0.094779	6.186672
7	A	-0.154778	0.090654	6.794086
8	A	-0.170600	0.089823	7.216582
9	A	-0.087403	0.091979	6.533031
10	A	-0.034175	0.089447	7.493376
11	A	-0.265962	0.098904	7.303432
12	A	-0.672276	0.109929	10.026677
13	A	-0.198651	0.108590	8.363793
14	C	0.631087	0.133188	8.852339
15	G	-0.212337	0.121224	6.807862
16	C	0.936574	0.115531	8.705378
17	C	0.314817	0.107925	7.665824
18	T	1.126855	0.159779	8.143860
19	A	0.013817	0.089866	8.115921
20	C	0.193065	0.116349	7.742535
21	T	1.647283	0.165258	9.182796
22	C	0.516163	0.140023	8.524038
23	G	-0.955751	0.136670	8.610185
24	G	-1.214014	0.148131	7.020421
25	T	0.865505	0.193562	7.083632
26	A	-0.058790	0.110774	6.843374
27	A	-0.210797	0.086357	7.560399
28	A	-0.347919	0.084430	7.490188
29	A	-0.246663	0.085115	7.736547
30	A	-0.184028	0.085327	7.257257
31	A	-0.182439	0.090867	7.395478
32	A	-0.157921	0.093316	7.167494
33	A	-0.147146	0.096549	7.165317
34	A	-0.158846	0.099028	7.343123
35	A	-0.161172	0.104050	7.676269
36	A	-0.140641	0.126558	10.880337
37	A	-0.251724	0.166675	13.140792
38	A	-0.584647	0.279875	13.829733
39	A	0.289421	0.609065	11.810612
#Seq[3]
pos	base	current	sd	dwell
0	A	0.033262	0.276888	0.606931
1	A	-0.045909	0.225346	1.375356
2	A	-0.214385	0.137113	4.641806
3	A	-0.234305	0.089210	7.271659
4	A	-0.173654	0.082233	6.879824
5	A	-0.148218	0.089044	6.254389
6	A	-0.162401	0.085409	8.658731
7	A	-0.143018	0.091444	7.248173
8	A	-0.127654	0.088587	8.277136
9	A	-0.100794	0.092950	7.012972
10	A	-0.100845	0.084823	8.681363
11	A	-0.127337	0.085508	10.216558
12	A	-0.343280	0.094875	9.738029
13	A	-0.750739	0.097828	9.124766
14	G	-0.413192	0.122032	8.589740
15	C	0.831388	0.124852	8.353431
16	C	0.161007	0.105432	7.971599
17	T	1.071076	0.186623	9.637502
18	G	-0.340631	0.129889	9.022489
19	T	1.019453	0.162428	9.240280
20	A	-0.265941	0.130650	8.761917
21	A	-0.722265	0.097645	9.482932
22	G	-0.505053	0.100404	7.968954
23	C	0.712606	0.118837	8.911717
24	G	-0.477593	0.135062	8.062516
25	G	-1.196300	0.130703	6.733469
26	A	-1.022635	0.101866	6.782575
27	A	-0.422536	0.088361	6.805925
28	A	-0.250999	0.087474	7.580124
29	A	-0.214303	0.084797	7.757886
30	A	-0.168675	0.085443	7.358016
31	A	-0.157550	0.088098	7.436504
32	A	-0.132831	0.093478	7.053730
33	A	-0.121509	0.098425	7.160862
34	A	-0.140494	0.100637	7.480398
35	A	-0.149004	0.107184	7.685583
36	A	-0.125409	0.130038	10.777301
37	A	-0.241328	0.170899	13.167911
38	A	-0.571058	0.285807	13.710807
39	A	0.307746	0.617047	11.565661
#Seq[4]
pos	base	current	sd	dwell
0	A	0.032157	0.277395	0.604713
1	A	-0.050516	0.228657	1.283944
2	A	-0.218719	0.141002	4.019403
3	A	-0.227785	0.092553	6.047987
4	A	-0.169418	0.087510	5.464666
5	A	-0.162027	0.089298	6.036967
6	A	-0.132283	0.091635	7.734025
7	A	-0.117099	0.090628	8.493542
8	A	-0.109034	0.087711	9.526093
9	A	-0.077501	0.083312	10.334776
10	A	-0.046817	0.083837	10.155767
11	A	-0.253282	0.096994	10.140216
12	A	-0.744267	0.107380	8.863416
13	A	-0.257390	0.109878	9.049989
14	C	1.090240	0.099916	8.937600
15	C	0.852154	0.087547	7.426484
16	C	0.830043	0.101836	7.460953
17	A	-0.216810	0.118556	8.830972
18	G	-0.931919	0.111230	9.418688
19	A	-0.804616	0.097423	9.287724
20	G	-1.401711	0.116793	8.292798
21	G	-2.123446	0.168349	8.494149
22	T	0.473647	0.113565	8.359005
23	T	0.668793	0.102678	8.372325
24	G	-0.342362	0.142808	8.541697
25	G	-1.233248	0.124485	8.291145
26	A	-0.991738	0.103525	7.096263
27	A	-0.408553	0.089344	6.923876
28	A	-0.255980	0.087008	7.376858
29	A	-0.220524	0.083753	7.729010
30	A	-0.178145	0.086462	7.397101
31	A	-0.156530	0.090020	7.377862
32	A	-0.132863	0.093983	7.057982
33	A	-0.123523	0.099008	7.266563
34	A	-0.141274	0.100935	7.402023
35	A	-0.144266	0.107387	7.528170
36	A	-0.120363	0.129789	10.679038
37	A	-0.233645	0.170620	13.093668
38	A	-0.566022	0.286043	13.701346
39	A	0.306346	0.615967	11.636713
#Seq[5]
pos	base	current	sd	dwell
0	A	0.034258	0.278146	0.598678
1	A	-0.043239	0.223884	1.392651
2	A	-0.202366	0.139473	4.436025
3	A	-0.209329	0.086306	8.854715
4	A	-0.161544	0.083123	7.220276
5	A	-0.180892	0.081409	9.023286
6	A	-0.130388	0.088877	8.851222
7	A	-0.143683	0.084824	9.905370
8	A	-0.156252	0.082456	8.393544
9	A	-0.150991	0.081622	10.742729
10	A	-0.074977	0.086718	8.602029
11	A	-0.266148	0.104377	8.393340
12	A	-0.866739	0.093701	9.876202
13	A	-0.709232	0.114072	6.921514
14	T	1.404778	0.194881	7.784758
15	G	-0.269030	0.180743	7.025569
16	G	-1.895779	0.123496	7.477550
17	A	-1.260248	0.126907	7.857141
18	T	0.979244	0.196636	7.796476
19	G	-0.521057	0.139300	7.369857
20	G	-0.660584	0.110098	8.233689
21	C	0.042227	0.133197	8.244831
22	G	-1.294381	0.158974	8.943884
23	T	1.705547	0.188841	8.126821
24	C	0.551646	0.124110	8.109840
25	G	-0.504530	0.128835	7.296619
26	A	-0.744060	0.100303	6.771688
27	A	-0.413109	0.088483	7.198948
28	A	-0.277322	0.087382	7.848314
29	A	-0.228449	0.088834	7.860356
30	A	-0.209503	0.087294	7.435100
31	A	-0.182151	0.092768	7.492267
32	A	-0.142171	0.096619	7.151135
33	A	-0.118782	0.101157	7.196537
34	A	-0.132297	0.101573	7.366423
35	A	-0.139030	0.107624	7.603662
36	A	-0.117121	0.129271	10.603862
37	A	-0.231540	0.169787	13.031916
38	A	-0.568769	0.283899	13.829808
39	A	0.304171	0.612328	11.783827
#Seq[6]
pos	base	current	sd	dwell
0	A	0.034741	0.277481	0.610307
1	A	-0.043386	0.224332	1.393342
2	A	-0.203794	0.134829	5.059521
3	A	-0.217536	0.085981	9.206826
4	A	-0.175076	0.078702	9.126842
5	A	-0.168576	0.082783	8.203768
6	A	-0.160235	0.084522	8.797902
7	A	-0.150918	0.084734	8.103016
8	A	-0.158376	0.082666	8.674453
9	A	-0.140074	0.087410	7.940998
10	A	-0.109877	0.088508	8.810575
11	A	-0.132327	0.088885	10.973581
12	A	-0.329942	0.090423	8.746155
13	A	-0.400179	0.079151	10.640961
14	G	-0.620320	0.097343	9.418028
15	G	-1.208525	0.116028	9.312136
16	G	-1.960667	0.138103	9.326934
17	A	-0.823066	0.123503	8.454524
18	C	0.473710	0.108215	8.342921
19	T	0.771331	0.163314	7.436674
20	G	-1.102843	0.148556	7.077900
21	A	-1.186324	0.137476	7.781241
22	T	1.198454	0.198208	8.226717
23	G	-0.106407	0.143257	8.973152
24	G	-1.024722	0.110236	9.338425
25	G	-1.426524	0.110275	8.229458
26	A	-0.985897	0.100023	7.153756
27	A	-0.388955	0.089660	7.425091
28	A	-0.239068	0.087405	7.686831
29	A	-0.189912	0.086490	7.787223
30	A	-0.141334	0.088604	7.173654
31	A	-0.122442	0.089314	7.227846
32	A	-0.111908	0.094190	7.049313
33	A	-0.113604	0.099264	7.188564
34	A	-0.134923	0.101234	7.356759
35	A	-0.144553	0.107560	7.660905
36	A	-0.122078	0.130520	10.867622
37	A	-0.235600	0.172275	13.130698
38	A	-0.567286	0.288469	13.624343
39	A	0.308768	0.620106	11.479222
#Seq[7]
pos	base	current	sd	dwell
0	A	0.035574	0.277628	0.611873
1	A	-0.041735	0.224749	1.400417
2	A	-0.201716	0.135372	5.101871
3	A	-0.215607	0.085970	9.292862
4	A	-0.171293	0.079038	9.145595
5	A	-0.158551	0.081994	9.042815
6	A	-0.150983	0.083117	10.032124
7	A	-0.153967	0.080928	10.730266
8	A	-0.157973	0.081114	10.200005
9	A	-0.130813	0.083619	10.326353
10	A	-0.137918	0.086294	8.879954
11	A	-0.176375	0.081329	10.349117
12	A	-0.328988	0.088770	7.510744
13	A	-0.412967	0.084487	7.627994
14	G	-0.684886	0.095701	7.738701
15	G	-1.036779	0.107901	7.306149
16	G	-1.407612	0.098916	8.485979
17	A	-0.870819	0.090561	8.265570
18	G	-0.918022	0.098554	8.278276
19	G	-1.289493	0.124875	8.139097
20	A	-1.351113	0.099821	8.665028
21	G	-1.514310	0.159200	8.206256
22	T	1.567369	0.210633	7.773729
23	C	0.258449	0.104938	8.946452
24	G	-0.133966	0.080836	8.056384
25	C	1.047948	0.125359	7.432048
26	A	0.082307	0.118672	7.484370
27	A	-0.266883	0.090422	7.925813
28	A	-0.317094	0.090152	7.706449
29	A	-0.228479	0.088342	7.889949
30	A	-0.171726	0.091933	7.302129
31	A	-0.165892	0.096711	7.472312
32	A	-0.123999	0.098731	7.176967
33	A	-0.114210	0.100306	7.202787
34	A	-0.125331	0.102534	7.401126
35	A	-0.128175	0.106918	7.505902
36	A	-0.110503	0.129334	10.689329
37	A	-0.231358	0.168532	13.111275
38	A	-0.569868	0.281130	13.911040
39	A	0.298165	0.607967	11.971219
#Seq[8]
pos	base	current	sd	dwell
0	A	0.033685	0.277463	0.606181
1	A	-0.045233	0.224866	1.390659
2	A	-0.212839	0.136974	4.666365
3	A	-0.231142	0.089200	7.426151
4	A	-0.173853	0.082661	6.759638
5	A	-0.156431	0.087461	6.631563
6	A	-0.176023	0.086208	8.170335
7	A	-0.142092	0.089233	8.267718
8	A	-0.115227	0.089131	8.376334
9	A	-0.120014	0.086241	7.102062
10	A	-0.119274	0.083789	9.046770
11	A	-0.128100	0.088934	9.478113
12	A	-0.308380	0.102095	9.107284
13	A	-0.726703	0.096136	9.400126
14	G	-0.385163	0.127443	8.624043
15	C	1.142687	0.127395	8.525587
16	C	0.446569	0.126094	8.627711
17	G	-1.287341	0.143119	8.712256
18	A	-1.363309	0.186592	9.590343
19	T	1.989915	0.240705	8.649225
20	C	0.680093	0.124378	8.682348
21	G	-0.889404	0.141773	7.278131
22	G	-2.115278	0.169958	6.469940
23	A	-0.789385	0.145815	5.875750
24	C	0.717963	0.153046	7.147838
25	G	-0.414747	0.136253	7.365788
26	A	-0.745661	0.099371	7.766201
27	A	-0.412585	0.089264	7.894770
28	A	-0.241190	0.086116	7.753838
29	A	-0.195770	0.088090	8.211936
30	A	-0.178810	0.087042	7.543272
31	A	-0.167298	0.091652	7.431283
32	A	-0.138789	0.095434	7.054331
33	A	-0.119166	0.099479	7.202326
34	A	-0.132141	0.100741	7.454500
35	A	-0.139656	0.107522	7.651574
36	A	-0.119050	0.129108	10.680508
37	A	-0.233764	0.168912	13.106930
38	A	-0.569040	0.283239	13.876742
39	A	0.304898	0.613060	11.770783
#Seq[9]
pos	base	current	sd	dwell
0	A	0.034544	0.277465	0.609140
1	A	-0.046231	0.225052	1.343588
2	A	-0.209536	0.134527	5.008714
3	A	-0.221819	0.088100	8.110946
4	A	-0.167762	0.077758	9.312480
5	A	-0.157057	0.087963	6.722827
6	A	-0.186458	0.083824	8.585528
7	A	-0.149658	0.090710	6.394595
8	A	-0.174159	0.088784	7.037504
9	A	-0.132865	0.087283	7.485950
10	A	-0.116035	0.092639	6.528466
11	A	-0.135240	0.087851	8.219675
12	A	-0.386936	0.105009	6.550420
13	A	-0.774560	0.089926	7.022676
14	G	-1.242389	0.143997	5.556242
15	T	1.111072	0.255819	6.448441
16	G	-0.787319	0.175782	7.251029
17	T	1.561420	0.181261	7.350705
18	C	0.476618	0.096530	7.969890
19	C	0.121406	0.092475	7.446567
20	G	-0.507125	0.102772	7.969290
21	C	0.135626	0.126906	7.618822
22	T	1.512848	0.172184	7.919298
23	C	0.067272	0.134816	7.716611
24	T	1.726830	0.137481	8.277750
25	C	0.877632	0.114301	7.953920
26	A	0.075268	0.112602	7.850980
27	A	-0.289782	0.092740	7.947816
28	A	-0.330472	0.088498	7.886096
29	A	-0.250249	0.087534	7.692254
30	A	-0.210825	0.092099	7.105958
31	A	-0.205536	0.092616	7.481744
32	A	-0.161783	0.095069	7.354792
33	A	-0.143191	0.096614	7.287312
34	A	-0.148053	0.097786	7.431245
35	A	-0.153365	0.102460	7.573081
36	A	-0.137498	0.123694	10.653222
37	A	-0.251879	0.162409	13.173325
38	A	-0.594527	0.272487	14.272992
39	A	0.277390	0.594559	12.377395
#Seq[10]
pos	base	current	sd	dwell
0	A	0.032618	0.278469	0.590353
1	A	-0.046334	0.224224	1.375371
2	A	-0.215430	0.141315	4.050644
3	A	-0.223366	0.087816	7.661695
4	A	-0.163845	0.088536	5.315635
5	A	-0.169390	0.085676	7.273599
6	A	-0.137025	0.093013	6.541924
7	A	-0.133999	0.094009	7.356565
8	A	-0.129836	0.088559	8.307858
9	A	-0.111450	0.089320	8.388531
10	A	-0.082509	0.080218	10.822918
11	A	-0.245337	0.102242	9.590856
12	A	-0.888105	0.098458	9.876548
13	A	-0.886427	0.154843	7.379278
14	T	2.045310	0.247325	7.754261
15	C	0.209669	0.144167	6.469730
16	T	1.546745	0.172935	8.528035
17	C	0.407427	0.107581	8.153765
18	G	-0.281474	0.086054	7.707875
19	C	0.799238	0.130584	7.513950
20	G	-0.494479	0.137297	7.965791
21	G	-1.429832	0.127355	7.030423
22	A	-1.427602	0.113282	7.979410
23	G	-0.726301	0.109641	7.579740
24	C	0.527534	0.109945	7.931989
25	T	1.190385	0.155654	7.963299
26	A	0.183593	0.114599	7.671927
27	A	-0.137413	0.087841	7.785646
28	A	-0.281701	0.084766	7.547235
29	A	-0.223536	0.089459	7.516591
30	A	-0.206050	0.091319	7.225523
31	A	-0.192935	0.094063	7.356859
32	A	-0.162149	0.096718	7.260674
33	A	-0.136521	0.100038	7.267512
34	A	-0.134079	0.101619	7.358852
35	A	-0.131139	0.106720	7.637520
36	A	-0.116857	0.128114	10.697661
37	A	-0.227707	0.167816	12.991692
38	A	-0.570848	0.281069	13.870758
39	A	0.296630	0.610950	11.923820
#Seq[11]
pos	base	current	sd	dwell
0	A	0.033883	0.277910	0.609347
1	A	-0.051486	0.228807	1.259393
2	A	-0.214783	0.138028	4.345960
3	A	-0.219561	0.090624	6.758000
4	A	-0.157945	0.081294	7.857979
5	A	-0.161465	0.084854	8.173320
6	A	-0.150502	0.084576	10.043355
7	A	-0.117733	0.091509	8.108918
8	A	-0.164444	0.087356	7.514432
9	A	-0.086153	0.083828	7.600685
10	A	-0.094339	0.086942	9.161286
11	A	-0.244054	0.097782	10.141333
12	A	-0.727807	0.110233	10.415798
13	A	-0.333239	0.105916	8.271857
14	C	0.581797	0.106062	8.542166
15	T	1.013305	0.149383	7.531828
16	G	-0.345952	0.162445	8.632024
17	G	-1.426870	0.138364	7.819658
18	G	-0.855535	0.147390	8.029783
19	C	0.653781	0.105248	7.394666
20	C	0.354822	0.099370	7.338436
21	G	-0.481788	0.124662	7.272359
22	A	-0.922154	0.107646	8.148712
23	G	-1.640182	0.121573	8.861052
24	A	-0.827915	0.139804	8.555285
25	T	1.412662	0.233435	8.821241
26	A	0.136121	0.114483	7.672022
27	A	-0.177029	0.089089	7.745197
28	A	-0.324432	0.086388	7.664298
29	A	-0.207840	0.089325	7.620506
30	A	-0.164447	0.091029	7.370235
31	A	-0.158853	0.096166	7.390719
32	A	-0.131725	0.096799	7.112225
33	A	-0.112396	0.099523	7.132129
34	A	-0.117320	0.100754	7.348343
35	A	-0.122938	0.104865	7.648962
36	A	-0.113289	0.126502	10.733420
37	A	-0.228886	0.165454	13.116871
38	A	-0.573438	0.277986	14.031710
39	A	0.293676	0.607208	12.054434
#Seq[12]
pos	base	current	sd	dwell
0	A	0.033628	0.277136	0.603398
1	A	-0.046202	0.224861	1.357916
2	A	-0.210188	0.134757	5.046453
3	A	-0.229283	0.089430	7.558804
4	A	-0.178038	0.081155	7.347981
5	A	-0.154881	0.088810	5.821262
6	A	-0.168241	0.086041	7.724679
7	A	-0.143492	0.088787	8.204704
8	A	-0.138694	0.091558	7.778687
9	A	-0.103850	0.089411	7.345816
10	A	-0.123319	0.086766	7.322641
11	A	-0.141964	0.083231	10.037643
12	A	-0.318605	0.103507	10.235555
13	A	-0.865325	0.105635	8.323998
14	G	-1.462519	0.183151	7.490213
15	T	1.778531	0.208680	6.986476
16	C	0.637410	0.101104	8.830185
17	C	0.057357	0.117208	8.803001
18	G	-1.750205	0.201629	9.027689
19	T	0.487704	0.152516	8.787129
20	T	1.285658	0.132214	7.188597
21	C	0.438926	0.118616	8.322364
22	G	-0.741547	0.136895	7.607648
23	G	-1.576901	0.129185	7.588468
24	G	-0.584373	0.125597	6.969771
25	C	0.763436	0.135953	7.599481
26	A	-0.009394	0.114859	7.309481
27	A	-0.293846	0.086610	7.796874
28	A	-0.344986	0.087664	7.759188
29	A	-0.225611	0.083965	7.767214
30	A	-0.173386	0.089241	7.392209
31	A	-0.186749	0.092431	7.416077
32	A	-0.153645	0.096263	7.098302
33	A	-0.147213	0.099518	7.140131
34	A	-0.151404	0.102300	7.422602
35	A	-0.145084	0.108027	7.667297
36	A	-0.120621	0.131060	10.799900
37	A	-0.237314	0.171360	13.018013
38	A	-0.567745	0.286478	13.573013
39	A	0.307547	0.618343	11.591943
#Seq[13]
pos	base	current	sd	dwell
0	A	0.033084	0.278099	0.600658
1	A	-0.047350	0.224060	1.378882
2	A	-0.215193	0.140766	4.090678
3	A	-0.220657	0.087580	7.756758
4	A	-0.157563	0.084322	6.451837
5	A	-0.175998	0.084431	8.094774
6	A	-0.157243	0.088143	8.261291
7	A	-0.125786	0.092938	7.117898
8	A	-0.150243	0.087843	6.619541
9	A	-0.144218	0.080119	9.800723
10	A	-0.086743	0.088699	8.297044
11	A	-0.187332	0.100228	11.690363
12	A	-0.838212	0.107108	8.991728
13	A	-0.934847	0.143527	9.929594
14	T	2.092917	0.235006	9.461270
15	C	0.525644	0.152468	8.525499
16	G	-0.945260	0.132042	8.640818
17	G	-0.667799	0.119311	9.005193
18	C	0.579914	0.100606	8.884778
19	C	0.035694	0.105797	9.230980
20	T	1.009139	0.189114	9.696974
21	G	-0.661072	0.144998	9.682339
22	T	0.974462	0.166224	9.345436
23	G	-0.222660	0.140205	9.508529
24	G	-1.046792	0.109556	9.396100
25	G	-1.422324	0.116472	7.524647
26	A	-1.012840	0.099471	6.699427
27	A	-0.415557	0.089418	6.861787
28	A	-0.258382	0.088067	7.455602
29	A	-0.202661	0.086700	7.717045
30	A	-0.154194	0.088589	7.253890
31	A	-0.141152	0.090326	7.234365
32	A	-0.124699	0.095113	6.958678
33	A	-0.121717	0.099547	7.142864
34	A	-0.139149	0.102149	7.358785
35	A	-0.144284	0.108861	7.605825
36	A	-0.120409	0.131763	10.812757
37	A	-0.233651	0.172971	13.064515
38	A	-0.562725	0.290041	13.532529
39	A	0.312061	0.623270	11.370341
#Seq[14]
pos	base	current	sd	dwell
0	A	0.036903	0.278151	0.605004
1	A	-0.043127	0.225929	1.365482
2	A	-0.211956	0.136851	4.691962
3	A	-0.227515	0.088432	7.523385
4	A	-0.168982	0.081729	7.500612
5	A	-0.163080	0.084021	7.658431
6	A	-0.160166	0.085092	8.094620
7	A	-0.167982	0.087987	8.364408
8	A	-0.140346	0.087150	8.349074
9	A	-0.113982	0.091438	5.955927
10	A	-0.165305	0.089451	6.591921
11	A	-0.146937	0.089033	8.261568
12	A	-0.172531	0.093913	7.508040
13	A	-0.534141	0.105774	9.634387
14	G	-1.304389	0.149296	10.295263
15	A	-0.338074	0.138664	8.092451
16	C	0.766642	0.166994	8.686257
17	G	-1.290178	0.128289	8.835888
18	A	-1.382841	0.181217	8.158984
19	T	1.878966	0.213892	8.455226
20	C	0.399212	0.103924	8.579859
21	C	-0.039771	0.121862	8.983418
22	T	1.768105	0.184578	9.054910
23	C	0.675033	0.115668	9.347880
24	G	-0.504762	0.123767	8.358798
25	G	-1.227856	0.130131	6.280191
26	A	-1.020810	0.105103	6.168711
27	A	-0.439294	0.091213	6.867125
28	A	-0.265731	0.088599	7.550243
29	A	-0.231922	0.083593	7.937728
30	A	-0.180781	0.085957	7.461193
31	A	-0.161629	0.088113	7.424179
32	A	-0.135136	0.092858	7.107404
33	A	-0.128771	0.097100	7.173385
34	A	-0.147619	0.099335	7.375103
35	A	-0.158880	0.105120	7.595644
36	A	-0.137516	0.127136	10.807673
37	A	-0.252372	0.167576	13.262123
38	A	-0.582947	0.281119	13.940896
39	A	0.294546	0.608395	11.794339
#Seq[15]
pos	base	current	sd	dwell
0	A	0.037437	0.278280	0.610418
1	A	-0.041971	0.225489	1.362604
2	A	-0.210100	0.136885	4.701853
3	A	-0.220265	0.087298	8.076324
4	A	-0.167458	0.080477	8.356188
5	A	-0.166598	0.083075	8.112184
6	A	-0.158900	0.084036	8.674401
7	A	-0.154894	0.085875	8.082405
8	A	-0.141813	0.082654	9.230502
9	A	-0.129168	0.085822	8.898089
10	A	-0.121415	0.083800	9.961420
11	A	-0.162127	0.089629	8.391762
12	A	-0.289336	0.089511	7.010484
13	A	-0.320176	0.086501	6.839005
14	G	-0.676967	0.107488	7.307655
15	A	-0.806895	0.110191	8.010175
16	G	-1.458536	0.126851	9.148892
17	A	-0.654487	0.118218	8.047300
18	C	0.485272	0.113110	7.637660
19	T	0.943479	0.142227	7.686633
20	G	-0.323991	0.167783	7.973422
21	G	-1.422532	0.130141	8.175327
22	G	-0.887579	0.136506	8.380273
23	C	0.547930	0.092418	8.517481
24	C	0.672461	0.078783	7.606955
25	C	0.905149	0.096271	7.368953
26	A	0.139656	0.118714	7.945937
27	A	-0.218062	0.092064	8.459337
28	A	-0.283466	0.086163	8.244579
29	A	-0.226285	0.089051	7.940757
30	A	-0.201444	0.090344	7.316342
31	A	-0.197392	0.093109	7.537053
32	A	-0.159785	0.097940	7.289572
33	A	-0.137632	0.100514	7.303294
34	A	-0.133159	0.102845	7.469102
35	A	-0.134570	0.108020	7.584955
36	A	-0.114711	0.129601	10.594542
37	A	-0.229597	0.168474	13.010842
38	A	-0.568947	0.280943	13.888761
39	A	0.300484	0.608709	11.986704
#Seq[16]
pos	base	current	sd	dwell
0	A	0.031680	0.277254	0.593457
1	A	-0.048520	0.224563	1.363526
2	A	-0.216779	0.140976	4.057230
3	A	-0.230236	0.089421	6.955888
4	A	-0.166893	0.086208	5.491362
5	A	-0.172507	0.090332	5.742581
6	A	-0.143043	0.090082	7.458203
7	A	-0.135009	0.100419	5.052368
8	A	-0.130947	0.088727	7.734337
9	A	-0.108492	0.093412	6.257832
10	A	-0.058259	0.085441	8.810388
11	A	-0.189332	0.109444	7.262004
12	A	-0.831255	0.104798	8.412826
13	A	-0.951760	0.161748	6.521073
14	T	2.009758	0.223481	6.739412
15	C	0.494325	0.114135	7.912966
16	C	0.054684	0.124509	6.859698
17	T	1.616348	0.193043	8.440779
18	C	0.157358	0.129309	8.019490
19	T	1.650997	0.185874	8.287971
20	C	0.149234	0.118476	8.513042
21	T	0.915999	0.166139	8.165859
22	G	-0.132532	0.115405	8.387249
23	C	0.840128	0.103309	7.739641
24	C	0.440847	0.105497	8.256057
25	G	-0.443141	0.132138	7.608090
26	A	-0.769639	0.099374	7.452526
27	A	-0.445507	0.086365	7.382049
28	A	-0.294549	0.087221	7.674478
29	A	-0.252132	0.087062	7.821256
30	A	-0.226836	0.083779	7.410241
31	A	-0.211306	0.088845	7.549408
32	A	-0.172205	0.092111	7.208947
33	A	-0.147507	0.096819	7.196542
34	A	-0.158188	0.098666	7.419451
35	A	-0.164237	0.105399	7.677245
36	A	-0.140192	0.127381	10.685372
37	A	-0.251299	0.167259	13.164106
38	A	-0.584723	0.279742	13.985652
39	A	0.293309	0.607083	11.854530
